ONE-STEP EM:
xeasy
pi: 
[0.407871 0.592129]
mu: 
[[ 0.02478088  3.07460079]
 [ 3.01650103 -0.17460086]]
sigma: 
[[[ 1.01363993 -0.05311694]
  [-0.05311694  0.94863522]]

 [[ 1.00808335  0.15670429]
  [ 0.15670429  0.94521241]]]
------------------------------------------
x1
pi: 
[0.55565978 0.44434022]
mu: 
[[-0.28366821  2.16960597]
 [ 1.83617659  0.28263171]]
sigma: 
[[[ 1.59256984  0.35809924]
  [ 0.35809924  2.07505554]]

 [[ 1.12412731 -0.09771768]
  [-0.09771768  1.22889663]]]
------------------------------------------
x2
pi: 
[0.56150159 0.43849841]
mu: 
[[ 0.03484    -0.03989854]
 [ 0.17023148 -0.14255449]]
sigma: 
[[[ 1.31365667  0.10374308]
  [ 0.10374308  0.97577869]]

 [[ 9.86732223  0.79962458]
  [ 0.79962458 10.26300564]]]
==========================================
TWO-STEP EM:
xeasy
pi: 
[0.59388969 0.40611031]
mu: 
[[ 3.01183881 -0.17000872]
 [ 0.01862825  3.08197222]]
sigma: 
[[[ 1.01430655  0.14999363]
  [ 0.14999363  0.95097821]]

 [[ 1.00648418 -0.0442361 ]
  [-0.0442361   0.93800178]]]
------------------------------------------
x1
pi: 
[0.74863867 0.25136133]
mu: 
[[ 1.08395907  0.85578155]
 [-0.6095988   2.74694693]]
sigma: 
[[[ 2.1600946  -0.51568872]
  [-0.51568872  1.99120546]]

 [[ 1.34102811  0.62338099]
  [ 0.62338099  1.64899629]]]
------------------------------------------
x2
pi: 
[0.54930196 0.45069804]
mu: 
[[ 0.03588655 -0.03956158]
 [ 0.16529115 -0.14018644]]
sigma: 
[[[ 1.28017758  0.10341123]
  [ 0.10341123  0.94265068]]

 [[ 9.67740853  0.78075241]
  [ 0.78075241 10.05218714]]]
